Итоговые метрики эксперимента UR10e + DG-5F
================================================================================
Объект: cube | Алгоритм: SAC
success_rate: 0.0
average_reward: -1534.8019292970134
mean_inference_time_sec: 0.00042214811580896036
mae: 0.18214691238752226
mse: 0.05546980766051219
rmse: 0.23552029139866523
itae: 1276.1068356697886
training_time_sec: 13108.221274250012
--------------------------------------------------------------------------------
Объект: cube | Алгоритм: PPO
success_rate: 0.0
average_reward: -865.8723719933841
mean_inference_time_sec: 0.00036967155771950883
mae: 0.5632105894588253
mse: 0.3204903949806773
rmse: 0.5661187110321273
itae: 6372.072165906694
training_time_sec: 10132.146494333021
--------------------------------------------------------------------------------
