Итоговые метрики эксперимента UR10e + DG-5F
================================================================================
Объект: cylinder | Алгоритм: SAC
success_rate: 0.0
average_reward: -546.0667531024048
mean_inference_time_sec: 0.0004187655553590351
mae: 0.4713027475965055
mse: 0.23037069092291282
rmse: 0.4799694687403698
itae: 5499.147678276846
training_time_sec: 17389.841659333004
--------------------------------------------------------------------------------
Объект: cylinder | Алгоритм: PPO
success_rate: 0.0
average_reward: -517.9805073624423
mean_inference_time_sec: 0.0003676636780295458
mae: 0.31763499458530464
mse: 0.14390173650258242
rmse: 0.37934382359883284
itae: 33.83877361353169
training_time_sec: 10868.231899667007
--------------------------------------------------------------------------------
