Итоговые метрики эксперимента UR10e + DG-5F
================================================================================
Объект: cube | Алгоритм: SAC
success_rate: 0.0
average_reward: -509.8258573846816
mean_inference_time_sec: 0.0003929498039748675
mae: 0.3309001204246012
mse: 0.11995952817653506
rmse: 0.3463517405420898
itae: 3609.335311178633
training_time_sec: 14247.055948583002
--------------------------------------------------------------------------------
Объект: cube | Алгоритм: PPO
success_rate: 0.0
average_reward: -579.7011194056904
mean_inference_time_sec: 0.00036341738057672047
mae: 0.4867394657065179
mse: 0.2427587932105067
rmse: 0.49270558471617376
itae: 5512.541114054138
training_time_sec: 10473.176653959003
--------------------------------------------------------------------------------
